1) 5.35

2) 11.32

3) 12.68

4) 14

5) 15.35

6) 16.66

7) 18.1

8) 19.35

9) 20.6

10) 22.02
11) 23.37
12) 24.7
13) 27.34
14) 28.65
15) 30.03
16) 31.36
17) 32.67
18) 33.99
19) 35.35
20) 36.67
21) 38
22) 39.34
23) 40.69
24) 42.03
25) 43.32
26) 44.67
27) 45.98
28) 47.37
29) 48.04
30) 48.68
31) 49.99
32) 51.34
33) 52.68
34) 53.96
35) 55.35
36) 56.66
37) 58.05
38) 59.33
39) 100.72
40) 102.02
41) 103.36
42) 104.65
43) 106.01
44) 107.33
45) 108.67
46) 109.97
47) 111.35
48) 112.68
49) 114.03
50) 115.32
51) 116.64
52) 117.99
53) 119.32
54) 120.70
55) 122.02
56) 123.34
57) 124.68
58) 126.01
59) 127.35
60) 128.67
61) 130.03
62) 131.34
63) 132.65
64) 134.02
65) 135.30
66) 136.66
67) 138.04
68) 139.34
69) 142.02
70) 143.37
71) 144.69
72) 145.99
73) 147.31
74) 148.67
75) 150.05
76) 151.35
77) 152.70
78) 154.02
79) 155.32
80) 158.01
81) 159.36
82) 200.66
83) 202.01
84) 203.32
85) 206
86) 208.66
87) 210.03
88) 211.31
89) 212.68
90) 214.03
91) 215.37
92) 216.69
93) 218.03
94) 219.36
95) 220.68
96) 222.01
97) 224.67
98) 226.03
99) 227.34
100) 230.01
101) 231.34
102) 232.69
103) 235.38
104) 236.70
105) 238.01
106) 239.32